[*] Checking 2 endpoints
google.com:443 142.251.41.78 BDDA50EC92BD745E266B7BA3D157184DFA9328234EB5B5B38E116B16D966FD7E OK 65 days 19 hours 25 mins 2025-09-15 08:40:15.000000009 UTC
www.google.com:443 172.217.1.4 C266D2BC13714F724ADE85BA8DBAD140C2E6CB25A32562EBD917BF87E7EF4D67 OK 65 days 19 hours 27 mins 2025-09-15 08:42:13.000000009 UTC
